UseCase1: 0.14887690544128s
Service2: 0.08754301071167s
Presenter: 1.1597590446472s
